$MeshFormat
4.1 0 8
$EndMeshFormat
$PhysicalNames
3
1 158 "Neumann"
1 221 "Dirichlet"
2 8 "ALU 6061"
$EndPhysicalNames
$Entities
4 4 1 0
1 0 0 0 0 
2 1 0 0 0 
3 1 1 0 0 
4 0 1 0 0 
1 0 0 0 1 0 0 0 2 1 -2 
2 1 0 0 1 1 0 1 158 2 2 -3 
3 0 1 0 1 1 0 0 2 3 -4 
4 0 0 0 0 1 0 1 221 2 4 -1 
1 0 0 0 1 1 0 1 8 4 1 2 3 4 
$EndEntities
$Nodes
9 153 1 153
0 1 0 1
1
0 0 0
0 2 0 1
2
1 0 0
0 3 0 1
3
1 1 0
0 4 0 1
4
0 1 0
1 1 0 9
5
6
7
8
9
10
11
12
13
0.09999999999981654 0 0
0.1999999999995574 0 0
0.2999999999992659 0 0
0.3999999999989744 0 0
0.4999999999986826 0 0
0.5999999999989458 0 0
0.699999999999209 0 0
0.7999999999994721 0 0
0.8999999999997361 0 0
1 2 0 9
14
15
16
17
18
19
20
21
22
1 0.09999999999981654 0
1 0.1999999999995574 0
1 0.2999999999992659 0
1 0.3999999999989744 0
1 0.4999999999986826 0
1 0.5999999999989458 0
1 0.699999999999209 0
1 0.7999999999994721 0
1 0.8999999999997361 0
1 3 0 9
23
24
25
26
27
28
29
30
31
0.8999999999999027 1 0
0.7999999999999999 1 0
0.700000000000655 1 0
0.6000000000013876 1 0
0.5000000000018259 1 0
0.4000000000016658 1 0
0.3000000000012497 1 0
0.2000000000008336 1 0
0.1000000000004169 1 0
1 4 0 9
32
33
34
35
36
37
38
39
40
0 0.8999999999999027 0
0 0.7999999999999999 0
0 0.700000000000655 0
0 0.6000000000013876 0
0 0.5000000000018259 0
0 0.4000000000016658 0
0 0.3000000000012497 0
0 0.2000000000008336 0
0 0.1000000000004169 0
2 1 0 113
41
42
43
44
45
46
47
48
49
50
51
52
53
54
55
56
57
58
59
60
61
62
63
64
65
66
67
68
69
70
71
72
73
74
75
76
77
78
79
80
81
82
83
84
85
86
87
88
89
90
91
92
93
94
95
96
97
98
99
100
101
102
103
104
105
106
107
108
109
110
111
112
113
114
115
116
117
118
119
120
121
122
123
124
125
126
127
128
129
130
131
132
133
134
135
136
137
138
139
140
141
142
143
144
145
146
147
148
149
150
151
152
153
0.5203808854016099 0.8462839360081628 0
0.5484573965618784 0.1706676768299206 0
0.164164591348323 0.4819491788139099 0
0.8300237797856714 0.4666468893804608 0
0.3896286601252353 0.8393655194816819 0
0.4222538947498683 0.6787551056654429 0
0.6228061866270616 0.7139660669739265 0
0.4697574383758172 0.5117354113517041 0
0.1666373684493177 0.3574666068711821 0
0.7249738015980369 0.1654814140071585 0
0.8256435507392615 0.6490146274613806 0
0.2356930526875529 0.6563314056680646 0
0.3650810718722186 0.1740527364832513 0
0.6934602789404998 0.8425434172822819 0
0.843545507024254 0.2996663658570562 0
0.33565562511583 0.3430813553830738 0
0.6804965355062335 0.3298310870513902 0
0.5091186097356587 0.3396246612509569 0
0.2040357751608415 0.82316711363099 0
0.8222996668427536 0.8255185891559988 0
0.1822472043787995 0.1831265741559032 0
0.8464955859557872 0.1619397827663786 0
0.294577332482978 0.5106936422734457 0
0.6513182021246625 0.5025162435793368 0
0.3503683484940243 0.2585670459331625 0
0.4567692342170485 0.172360206656586 0
0.5287880031487686 0.2551461690404387 0
0.4223871174257443 0.3413530083170153 0
0.4395781758213964 0.2568566074868007 0
0.5948075726209461 0.3347278741511736 0
0.6367155990799577 0.1680745454185396 0
0.7027351685521352 0.2476562505292744 0
0.6157615858504519 0.2514012097848566 0
0.5715935360143357 0.7801250014910446 0
0.4550047727634226 0.8428247277449223 0
0.4059412774375518 0.7590603125735624 0
0.522530040688465 0.6963605863196847 0
0.4887674067259438 0.7695926570323035 0
0.7624869007987545 0.08274070700357926 0
0.5742286982804121 0.08533383841496028 0
0.6683577995395833 0.08403727270926978 0
0.9128217753696308 0.6245073137301632 0
0.8278336652624665 0.5578307584209207 0
0.9150118898928357 0.4333234446897176 0
0.9139168326312332 0.5289153792098017 0
0.3948143300634506 0.919682759740841 0
0.5601904427014988 0.9231419680040813 0
0.4775023863826242 0.9214123638724612 0
0.08331868422465885 0.378733303436424 0
0.1654009798988203 0.419707892842546 0
0.08208229567416148 0.5409745894076488 0
0.08270048994941016 0.4598539464221859 0
0.3825405359355964 0.08702636824162567 0
0.4783846171078655 0.08618010332829298 0
0.6581332327837807 0.7782547421281042 0
0.6467301394709437 0.9212717086411409 0
0.6091618377426397 0.8506983550660927 0
0.8367846434049627 0.3831566276187585 0
0.921772753512127 0.2498331829283068 0
0.9183923217024814 0.3415783138090122 0
0.1020178875804208 0.811583556815495 0
0.2020178875808376 0.9115835568154951 0
0.1010089437904188 0.9057917784076989 0
0.1911236021891784 0.0915632870779516 0
0.09112360218939974 0.1915632870783684 0
0.09556180109460814 0.09578164353918422 0
0.8111498334213767 0.9127592945779994 0
0.9111498334213768 0.8127592945777355 0
0.9055749167106397 0.9063796472888678 0
0.6370621943758621 0.6082411552766316 0
0.740670990955167 0.4845815664798988 0
0.7242248686831616 0.6814903472176536 0
0.7324479298191643 0.5830359568487762 0
0.4460056665628428 0.5952452585085735 0
0.5605378202502399 0.5071258274655204 0
0.5415339304693525 0.6017432068926025 0
0.2651351925852654 0.5835125239707551 0
0.3821673854293977 0.511214526812575 0
0.3289734737187106 0.6675432556667538 0
0.3555704295740542 0.5893788912396642 0
0.2293709619156505 0.4963214105436778 0
0.1178465263437764 0.6281657028347261 0
0.1736087441297134 0.5622435566892019 0
0.489438024055738 0.4256800363013305 0
0.315116478799404 0.4268874988282597 0
0.4022772514275709 0.4262837675647951 0
0.7578799728916267 0.8340310032191404 0
0.7289399864461408 0.9170155016095701 0
0.8450205464900207 0.2308030743117174 0
0.9232477929778936 0.0809698913831893 0
0.9225102732450103 0.165401537155767 0
0.2198644139241972 0.7397492596495273 0
0.1099322069620986 0.7198746298250911 0
0.273664138125509 0.1785896553195773 0
0.2868320690623875 0.08929482765978863 0
0.2968322176430385 0.831266316556336 0
0.2984161088221441 0.915633158278168 0
0.8239716087910076 0.7372666083086897 0
0.9119858043955038 0.7186333041539493 0
0.7857346937769121 0.1637105983867685 0
0.8428673468883241 0.08185529919338427 0
0.1744422864140586 0.2702965905135427 0
0.0872211432070293 0.2851482952573962 0
0.3129028456808745 0.7494047861115448 0
0.7410524207873942 0.757760675218397 0
0.7620210212652437 0.3147487264542232 0
0.7738778575210778 0.2392296624204959 0
0.2511464967825738 0.3502739811271279 0
0.2624053174540414 0.2644318182233526 0
0.665907368815448 0.4161736653153635 0
0.577672696435593 0.420926850808347 0
0.2402587293491121 0.4232976958354029 0
0.7513460061102054 0.399665146467061 0
$EndNodes
$Elements
3 152 1 152
1 2 1 10
1 2 14 
2 14 15 
3 15 16 
4 16 17 
5 17 18 
6 18 19 
7 19 20 
8 20 21 
9 21 22 
10 22 3 
1 4 1 10
11 4 32 
12 32 33 
13 33 34 
14 34 35 
15 35 36 
16 36 37 
17 37 38 
18 38 39 
19 39 40 
20 40 1 
2 1 3 132
21 56 65 69 68 
22 65 53 66 69 
23 69 66 42 67 
24 68 69 67 58 
25 57 70 73 72 
26 70 58 67 73 
27 73 67 42 71 
28 72 73 71 50 
29 47 74 78 77 
30 74 41 75 78 
31 78 75 45 76 
32 77 78 76 46 
33 12 79 81 11 
34 79 50 71 81 
35 81 71 42 80 
36 11 81 80 10 
37 17 18 85 84 
38 18 19 82 85 
39 85 82 51 83 
40 84 85 83 44 
41 26 27 88 87 
42 27 28 86 88 
43 88 86 45 75 
44 87 88 75 41 
45 35 36 92 91 
46 36 37 89 92 
47 92 89 49 90 
48 91 92 90 43 
49 10 80 94 9 
50 80 42 66 94 
51 94 66 53 93 
52 9 94 93 8 
53 47 95 97 74 
54 95 54 96 97 
55 97 96 26 87 
56 74 97 87 41 
57 15 16 100 99 
58 16 17 84 100 
59 100 84 44 98 
60 99 100 98 55 
61 33 101 103 32 
62 101 59 102 103 
63 103 102 30 31 
64 32 103 31 4 
65 6 104 106 5 
66 104 61 105 106 
67 106 105 39 40 
68 5 106 40 1 
69 24 107 109 23 
70 107 60 108 109 
71 109 108 21 22 
72 23 109 22 3 
73 47 110 113 112 
74 110 64 111 113 
75 113 111 44 83 
76 112 113 83 51 
77 46 114 116 77 
78 114 48 115 116 
79 116 115 64 110 
80 77 116 110 47 
81 52 117 120 119 
82 117 63 118 120 
83 120 118 48 114 
84 119 120 114 46 
85 35 91 123 122 
86 91 43 121 123 
87 123 121 63 117 
88 122 123 117 52 
89 58 124 126 68 
90 124 48 118 126 
91 126 118 63 125 
92 68 126 125 56 
93 26 96 128 25 
94 96 54 127 128 
95 128 127 60 107 
96 25 128 107 24 
97 2 14 131 130 
98 14 15 99 131 
99 131 99 55 129 
100 130 131 129 62 
101 35 122 133 34 
102 122 52 132 133 
103 133 132 59 101 
104 34 133 101 33 
105 8 93 135 7 
106 93 53 134 135 
107 135 134 61 104 
108 7 135 104 6 
109 28 29 137 86 
110 29 30 102 137 
111 137 102 59 136 
112 86 137 136 45 
113 19 20 139 82 
114 20 21 108 139 
115 139 108 60 138 
116 82 139 138 51 
117 2 130 141 13 
118 130 62 140 141 
119 141 140 50 79 
120 13 141 79 12 
121 37 38 143 89 
122 38 39 105 143 
123 143 105 61 142 
124 89 143 142 49 
125 46 76 144 119 
126 76 45 136 144 
127 144 136 59 132 
128 119 144 132 52 
129 47 112 145 95 
130 112 51 138 145 
131 145 138 60 127 
132 95 145 127 54 
133 57 72 147 146 
134 72 50 140 147 
135 147 140 62 129 
136 146 147 129 55 
137 56 148 149 65 
138 148 49 142 149 
139 149 142 61 134 
140 65 149 134 53 
141 64 115 151 150 
142 115 48 124 151 
143 151 124 58 70 
144 150 151 70 57 
145 49 148 152 90 
146 148 56 125 152 
147 152 125 63 121 
148 90 152 121 43 
149 55 98 153 146 
150 98 44 111 153 
151 153 111 64 150 
152 146 153 150 57 
$EndElements
