$MeshFormat
4.1 0 8
$EndMeshFormat
$PhysicalNames
4
1 1 "DirichletLeft"
1 2 "DirichletBottom"
1 3 "Neumann"
2 4 "AISI 316"
$EndPhysicalNames
$Entities
6 5 1 0
1 0 0 0 0 
2 200 0 0 0 
3 200 200 0 0 
4 0 200 0 0 
5 25 0 0 0 
6 0 25 0 0 
1 25 0 0 200 0 0 1 2 2 5 -2 
2 200 0 0 200 200 0 1 3 2 2 -3 
3 0 200 0 200 200 0 0 2 3 -4 
4 0 25 0 0 200 0 1 1 2 4 -6 
5 0 1.77635683940025e-015 0 25 25 0 0 2 6 -5 
1 0 0 0 200 200 0 1 4 5 1 2 3 4 5 
$EndEntities
$Nodes
11 131 1 131
0 2 0 1
1
200 0 0
0 3 0 1
2
200 200 0
0 4 0 1
3
0 200 0
0 5 0 1
4
25 0 0
0 6 0 1
5
0 25 0
1 1 0 7
6
7
8
9
10
11
12
46.87499999992649 0 0
68.74999999982236 0 0
90.62499999973492 0 0
112.4999999996475 0 0
134.3749999997393 0 0
156.2499999998224 0 0
178.12499999992 0 0
1 2 0 7
13
14
15
16
17
18
19
200 24.99999999990468 0
200 49.99999999977637 0
200 74.99999999971187 0
200 99.99999999964737 0
200 124.9999999996833 0
200 149.9999999997266 0
200 174.9999999998531 0
1 3 0 7
20
21
22
23
24
25
26
175.0000000001555 200 0
150.0000000003553 200 0
125.0000000004241 200 0
100.0000000005162 200 0
75.00000000043663 200 0
50.00000000035527 200 0
25.00000000017633 200 0
1 4 0 7
27
28
29
30
31
32
33
0 178.1250000000368 0
0 156.2500000001624 0
0 134.3750000003288 0
0 112.5000000004941 0
0 90.62500000038266 0
0 68.75000000024841 0
0 46.87500000008953 0
1 5 0 3
34
35
36
9.567085839114743 23.09698830036094 0
17.67766957078777 17.67766948853961 0
23.09698831991761 9.567085791900766 0
2 1 0 95
37
38
39
40
41
42
43
44
45
46
47
48
49
50
51
52
53
54
55
56
57
58
59
60
61
62
63
64
65
66
67
68
69
70
71
72
73
74
75
76
77
78
79
80
81
82
83
84
85
86
87
88
89
90
91
92
93
94
95
96
97
98
99
100
101
102
103
104
105
106
107
108
109
110
111
112
113
114
115
116
117
118
119
120
121
122
123
124
125
126
127
128
129
130
131
104.323681259952 105.4471804791788 0
62.25364513980838 65.36803694230572 0
44.1289861823433 132.8835574048413 0
131.7126911347365 45.26717244502229 0
132.0337045473613 131.6608056959154 0
88.78208995393028 33.60393419765433 0
64.68106279991507 34.91863466826166 0
34.23508280098682 36.97069324597567 0
31.74448755201723 90.88865896002658 0
149.9276040082214 81.31360130614347 0
80.18317323282761 149.524210143852 0
96.25444931813395 59.61362277893196 0
159.8729695158985 30.451080468813 0
30.01428146561926 160.1649852686158 0
36.35622942022483 18.92771181558738 0
57.78095062587963 97.95885606942586 0
164.2402699101238 164.0269734448462 0
119.1738529280841 160.3938593878161 0
167.1780425344321 122.5865907041402 0
31.5001786784703 66.22241977299338 0
40.00714073298727 180.0824926343079 0
37.07163382398128 146.5242713367286 0
62.15607970758546 141.2038837743467 0
65.09158661659144 174.762105071926 0
51.08161022028636 160.6431882043272 0
174.9638020041107 65.65680065295992 0
140.8201475714789 63.29038687558288 0
145.7928303253175 37.85912645691764 0
179.9364847579492 40.22554023429468 0
160.3783161647141 51.75796355493878 0
22.06449309117165 122.6917787026677 0
15.00714073280963 158.2074926343891 0
18.53581691199064 140.4496356685286 0
158.0614847578604 15.2255402344065 0
122.106345567192 22.63358622251114 0
140.0839151625283 18.92956322845882 0
50.95496840411147 115.4212067371336 0
81.05231594291581 101.7030182743023 0
92.2534272463898 127.4856953115154 0
71.60419782525064 121.4534510243245 0
127.1256426340867 93.38039089266111 0
100.289065289043 82.53040162905536 0
113.9835702264352 52.44039761197713 0
120.5546064302609 72.91039425231911 0
66.71553139986872 17.45931733413083 0
100.6410449767889 16.80196709882717 0
76.73157637692267 34.261284432958 0
83.67828818832879 17.130642216479 0
35.29565611060582 27.94920253078153 0
17.11754140049341 30.98534662298784 0
27.0169494955063 18.30269065206349 0
22.43137097486028 25.52309541557123 0
15.75008933923515 67.48620988662087 0
31.62233311524377 78.55553936650998 0
15.87224377600862 101.6943294802603 0
15.81116655762188 84.59026968344629 0
92.51826963603212 46.60877848829315 0
107.3123076016121 34.62118235540214 0
44.76271908894843 94.42375751472622 0
33.41360609006004 108.5577681086969 0
20.00357036649298 179.1037463171723 0
179.0307423789346 20.11277011715559 0
63.46735396986173 50.14333580528369 0
46.87691190913934 65.79522835764955 0
32.86763073972856 51.59655650948453 0
49.45807280045094 35.94466395711867 0
48.16749235479514 50.86994615738411 0
79.25404722897116 62.49082986061885 0
77.99281180294692 48.37605714678842 0
52.55311471002359 9.463855907793691 0
51.00559375523727 22.70425993245619 0
157.1201349552395 182.013486722423 0
182.1201349550619 157.0134867222863 0
178.5600674776087 178.5067433611381 0
158.5528232713267 101.9500960051418 0
149.6058735408967 127.1236982000278 0
118.1786929036566 118.5539930875471 0
138.3657580874917 110.2520445463445 0
125.6037787377227 146.0273325418658 0
99.67851308045587 154.959034765834 0
108.9286029920562 136.7565139266905 0
183.5890212672161 111.2932953518938 0
179.2764116356634 88.47504800242685 0
109.5869264643002 180.196929693908 0
87.33925654044624 177.479517382917 0
60.01729788284401 81.66344650586579 0
45.81981549904389 80.10949293618788 0
165.709156222278 143.3067820744932 0
141.707061419104 162.2104164163311 0
145.6564674800003 144.6670573081795 0
133.353530709764 181.1052082081655 0
182.854578111139 134.1533910370882 0
80.15318158594349 82.09692406746059 0
16.43381536986428 49.23577825478701 0
37.82505151497826 9.515470849847228 0
$EndNodes
$Elements
4 136 1 136
1 1 1 8
1 4 6 
2 6 7 
3 7 8 
4 8 9 
5 9 10 
6 10 11 
7 11 12 
8 12 1 
1 2 1 8
9 1 13 
10 13 14 
11 14 15 
12 15 16 
13 16 17 
14 17 18 
15 18 19 
16 19 2 
1 4 1 8
17 3 27 
18 27 28 
19 28 29 
20 29 30 
21 30 31 
22 31 32 
23 32 33 
24 33 5 
2 1 3 112
25 25 57 61 60 
26 57 50 58 61 
27 61 58 39 59 
28 60 61 59 47 
29 14 62 66 65 
30 62 46 63 66 
31 66 63 40 64 
32 65 66 64 49 
33 30 67 69 29 
34 67 39 58 69 
35 69 58 50 68 
36 29 69 68 28 
37 9 10 72 71 
38 10 11 70 72 
39 72 70 49 64 
40 71 72 64 40 
41 47 59 76 75 
42 59 39 73 76 
43 76 73 52 74 
44 75 76 74 37 
45 46 77 80 63 
46 77 37 78 80 
47 80 78 48 79 
48 63 80 79 40 
49 43 81 84 83 
50 81 7 8 84 
51 84 8 9 82 
52 83 84 82 42 
53 51 85 88 87 
54 85 44 86 88 
55 88 86 5 34 
56 87 88 34 35 
57 30 31 92 91 
58 31 32 89 92 
59 92 89 56 90 
60 91 92 90 45 
61 9 71 94 82 
62 71 40 79 94 
63 94 79 48 93 
64 82 94 93 42 
65 30 91 96 67 
66 91 45 95 96 
67 96 95 52 73 
68 67 96 73 39 
69 25 26 97 57 
70 26 3 27 97 
71 97 27 28 68 
72 57 97 68 50 
73 14 65 98 13 
74 65 49 70 98 
75 98 70 11 12 
76 13 98 12 1 
77 43 99 103 102 
78 99 38 100 103 
79 103 100 56 101 
80 102 103 101 44 
81 43 83 105 99 
82 83 42 93 105 
83 105 93 48 104 
84 99 105 104 38 
85 44 85 107 102 
86 85 51 106 107 
87 107 106 7 81 
88 102 107 81 43 
89 18 19 110 109 
90 19 2 20 110 
91 110 20 21 108 
92 109 110 108 53 
93 37 77 114 113 
94 77 46 111 114 
95 114 111 55 112 
96 113 114 112 41 
97 37 113 117 75 
98 113 41 115 117 
99 117 115 54 116 
100 75 117 116 47 
101 14 15 119 62 
102 15 16 118 119 
103 119 118 55 111 
104 62 119 111 46 
105 25 60 121 24 
106 60 47 116 121 
107 121 116 54 120 
108 24 121 120 23 
109 38 122 123 100 
110 122 52 95 123 
111 123 95 45 90 
112 100 123 90 56 
113 54 115 126 125 
114 115 41 112 126 
115 126 112 55 124 
116 125 126 124 53 
117 23 120 127 22 
118 120 54 125 127 
119 127 125 53 108 
120 22 127 108 21 
121 16 17 128 118 
122 17 18 109 128 
123 128 109 53 124 
124 118 128 124 55 
125 38 104 129 122 
126 104 48 78 129 
127 129 78 37 74 
128 122 129 74 52 
129 5 86 130 33 
130 86 44 101 130 
131 130 101 56 89 
132 33 130 89 32 
133 35 36 131 87 
134 36 4 6 131 
135 131 6 7 106 
136 87 131 106 51 
$EndElements
